camera:
U:(0.994988,-0.009950,0.000000)
V:(0.009950,0.994988,0.099499)
N:(0.000000,0.000000,-1.000000)
iluminacao:
Ponto 0:
cord_mundo: (2.000000,-220.000000,-150.000000) cord_vista: (-46.067944,-244.249649,750.000000)

Ponto 1:
cord_mundo: (128.000000,820.000000,-150.000000) cord_vista: (68.952667,791.791504,750.000000)

Pontos:
0: (100.000000,100.000000,200.000000) -> (0.333333,-0.333333,0.333333) -> (-49.256794,-10.947371,600.000000)
1: (400.000000,100.000000,200.000000) -> (0.000000,-0.333333,0.333333) -> (-99.147888,37.372890,0.000000)
2: (100.000000,200.000000,200.000000) -> (0.333333,0.333333,0.333333) -> (-149.269699,25.252989,600.000000)
3: (400.000000,200.000000,200.000000) -> (0.333333,0.333333,0.333333) -> (-199.019714,72.398102,0.000000)
4: (400.000000,200.000000,100.000000) -> (0.000000,0.333333,0.000000) -> (-248.989471,59.110455,600.000000)
5: (100.000000,200.000000,100.000000) -> (0.333333,0.333333,0.333333) -> (-298.576569,105.095291,0.000000)
6: (400.000000,100.000000,100.000000) -> (-0.333333,-0.333333,-0.333333) -> (-348.372681,90.654915,600.000000)
7: (100.000000,100.000000,100.000000) -> (0.333333,-0.333333,0.000000) -> (-397.775513,135.494629,0.000000)
Normal triangulos:
0: (0.000000,0.000000,1.000000)
1: (0.000000,-0.000000,1.000000)
2: (-0.000000,1.000000,0.000000)
3: (0.000000,1.000000,0.000000)
4: (0.000000,-0.000000,-1.000000)
5: (0.000000,0.000000,1.000000)
6: (1.000000,0.000000,0.000000)
7: (-1.000000,0.000000,0.000000)
8: (1.000000,0.000000,0.000000)
9: (1.000000,0.000000,0.000000)
10: (0.000000,-1.000000,0.000000)
11: (0.000000,-1.000000,0.000000)
